occupancy_grid
[[0 0 0 ... 0 0 0]
 [0 0 0 ... 0 0 0]
 [0 0 0 ... 0 0 0]
 ...
 [0 0 0 ... 0 0 0]
 [0 0 0 ... 0 0 0]
 [0 0 0 ... 0 0 0]]
data
[[-1 -1 -1 ... -1 -1 -1]
 [-1  0  0 ...  2  2 -1]
 [-1  0  0 ...  2  2 -1]
 ...
 [-1  3  3 ...  1  1 -1]
 [-1  3  3 ...  1  1 -1]
 [-1 -1 -1 ... -1 -1 -1]]
medoid_coordinates
[[18 22]
 [55 68]
 [18 67]
 [54 23]]
neighbourhood_points
[[[18 22]
  [ 1 44]
  [36  1]
  [ 1  1]]

 [[55 68]
  [36 89]
  [72 46]
  [72 89]]

 [[18 67]
  [ 1 89]
  [ 1 62]
  [18 85]]

 [[54 23]
  [72  1]
  [36 36]
  [53 45]]]
origin
(58, 30)
